Results for UNet_CTA_fold0:
================================================================================
Modalities                     DiceMedpyCoefficient AbsoluteLesionCountDifferenceCC3D HausdorffDistance95MonaiMm LesionF1CC3DScore
----------------------------------------------------------------------------------------------------------------------------------
CTA_w_75_l_40                  0.000131           37.833333          95.902288          0.002222
CTA_w_75_l_40                  0.001846           10.833333          87.740668          0.067100
CTA_w_75_l_40                  0.167231           7.000000          208.408791          0.196970
CTA_w_75_l_40                  0.166667           8.166667          272.628793          0.166667
CTA_w_75_l_40                  0.166667           8.166667          272.628793          0.166667
CTA_w_75_l_40                  0.166667           8.166667          272.628793          0.166667
CTA_w_75_l_40                  0.166667           8.166667          272.628793          0.166667
CTA_w_75_l_40                  0.166667           8.166667          272.628793          0.166667
CTA_w_75_l_40                  0.166667           8.166667          272.628793          0.166667
CTA_w_75_l_40                  0.166667           8.166667          272.628793          0.166667
CTA_w_75_l_40                  0.166667           8.166667          272.628793          0.166667
CTA_w_75_l_40                  0.166667           8.166667          272.628793          0.166667
CTA_w_75_l_40                  0.166667           8.166667          272.628793          0.166667
CTA_w_75_l_40                  0.166667           8.166667          272.628793          0.166667
CTA_w_75_l_40                  0.166667           8.166667          272.628793          0.166667
CTA_w_75_l_40                  0.166667           8.166667          272.628793          0.166667
CTA_w_75_l_40                  0.166667           8.166667          272.628793          0.166667
CTA_w_75_l_40                  0.166667           8.166667          272.628793          0.166667
CTA_w_75_l_40                  0.166667           8.166667          272.628793          0.166667
CTA_w_75_l_40                  0.166667           8.166667          272.628793          0.166667
CTA_w_75_l_40                  0.166667           8.166667          272.628793          0.166667
